#Stand in KR1 spectrum to test, before I get the actual file
426.397 0.0 
427.397 0.25
427.85 0.0 
428.297 0.02
429.297 0.0 
430.958 0.0 
431.958 0.25
432.958 0.0  
435.264 0.0 
436.264 0.125 
437.0 0.0 
437.612 0.2
438.612 0.0  
438.997 0.0
439.997 0.04 
444.392 0.0 
445.392 0.15
445.9 0.0 
446.369 0.2
447.369 0.0 
449.235 0.0 
450.235 0.15 
451.235 0.0 
555.222 0.0 
556.222 0.125
556.622 0.0 
557.029 0.5 
558.029 0.0 
586.096 0.0 
587.096 0.75 
588.096 0.0 
757.741 0.0 
758.741 0.25 
759.155 0.0 
760.155 0.5 
761.155 0.0 
767.525 0.0 
768.525 0.1 
769.0 0.0 
769.454 0.125 
770.454 0.0 
784.482 0.0
785.482 0.04
786.482 0.0  
790.343 0.0 
791.343 0.01 
792.343 0.0 
804.950 0.0 
805.950 0.025
806.950 0.0
809.436 0.0
810.436 1.0 
811.436 0.0
818.006 0.0
819.006 0.075
820.006 0.0 
825.324 0.0
826.324 0.1 
827.324 0.0
828.0911 0.0
829.911 0.125 
830.911 0.0
876.675 0.0
877.675 0.075 
878.675 0.0
